00:00:00 81 35 01 01 22 03 24 22 73 70 61 74 30
00:00:00 81 35 01 00 22 03 24 23 6E 61 20 61 02
00:00:00 81 35 01 06 22 03 24 23 6E 61 20 61 00
00:00:00 81 35 01 06 22 03 24 24 20 6F 70 72 38
00:00:00 81 35 01 05 22 03 24 25 61 76 65 6E 02
00:00:00 81 35 01 05 22 03 04 28 E7 0F 42 41 58
00:00:00 81 35 01 04 22 03 04 29 01 80 44 20 00
00:00:00 81 35 01 04 22 03 04 2A B9 86 44 41 02
00:00:00 81 35 01 03 22 03 04 2F 94 82 54 41 3E
00:00:00 81 35 01 03 22 03 04 28 E7 0F 42 41 AC
00:00:00 81 35 01 02 22 03 04 29 01 80 44 20 1D
00:00:00 81 35 01 02 22 03 04 2A B9 86 44 41 31
00:00:00 81 35 01 01 22 03 04 2F 94 82 54 41 EB
00:00:00 81 35 01 01 22 03 24 26 61 20 64 61 55
00:00:00 81 35 01 00 22 03 24 27 74 61 21 20 00
00:00:00 81 35 01 07 22 03 24 27 74 61 21 20 08
00:00:00 81 35 01 06 22 03 24 28 20 20 20 20 00
00:00:00 81 35 01 06 22 03 24 29 20 20 20 20 3C
00:00:00 81 35 01 05 22 03 04 28 E7 0F 42 41 40
00:00:00 81 35 01 05 22 03 04 29 01 80 44 20 28
00:00:00 81 35 01 04 22 03 04 2A B9 86 44 41 44
00:00:00 81 35 01 04 22 03 04 2F 94 82 54 41 07
00:00:00 81 35 01 03 22 03 04 28 E7 0F 42 41 1D
00:00:00 81 35 01 03 22 03 04 29 01 80 44 20 00
00:00:00 81 35 01 02 22 03 04 2A B9 86 44 41 27
00:00:00 81 35 01 02 22 03 04 2F 94 82 54 41 FA
00:00:00 81 35 01 01 22 03 24 20 4E 61 64 6F 24
00:00:00 81 35 01 01 22 03 24 21 64 6E 65 20 02
00:00:00 81 35 01 00 22 03 24 22 73 70 61 74 0C
00:00:00 81 35 01 06 22 03 24 22 73 70 61 74 28
00:00:00 81 35 01 06 22 03 24 23 6E 61 20 61 21
00:00:00 81 35 01 05 22 03 04 28 E7 0F 42 41 61
00:00:00 81 35 01 05 22 03 04 29 01 80 44 20 A4
00:00:00 81 35 01 04 22 03 04 2A B9 86 44 41 02
00:00:00 81 35 01 04 22 03 04 2F 94 82 54 41 1E
00:00:00 81 35 01 03 22 03 04 28 E7 0F 42 41 A5
00:00:00 81 35 01 03 22 03 04 29 01 80 44 20 49
00:00:00 81 35 01 02 22 03 04 2A B9 86 44 41 2E
00:00:00 81 35 01 02 22 03 04 2F 94 82 54 41 83
00:00:00 81 35 01 01 22 03 24 24 20 6F 70 72 1B
00:00:00 81 35 01 01 22 03 24 25 61 76 65 6E 03
00:00:00 81 35 01 00 22 03 24 26 61 20 64 61 02
00:00:00 81 35 01 07 22 03 24 26 61 20 64 61 A0
00:00:00 81 35 01 06 22 03 24 27 74 61 21 20 21
00:00:00 81 35 01 06 22 03 04 28 E7 0F 42 41 00
00:00:00 81 35 01 05 22 03 04 29 01 80 44 20 02
00:00:00 81 35 01 05 22 03 04 2A B9 86 44 41 0C
00:00:00 81 35 01 04 22 03 04 2F 94 82 54 41 14
00:00:00 81 35 01 04 22 03 04 28 E7 0F 42 41 04
00:00:00 81 35 01 03 22 03 04 29 01 80 44 20 4D
00:00:00 81 35 01 03 22 03 04 2A B9 86 44 41 B6
00:00:00 81 35 01 02 22 03 44 01 CC 8B 17 00 00
00:00:00 81 35 01 02 22 03 04 2F 94 82 54 41 01
00:00:00 81 35 01 02 22 03 24 28 20 20 20 20 42
00:00:00 81 35 01 01 22 03 24 29 20 20 20 20 88
00:00:00 81 35 01 01 22 03 24 20 4E 61 64 6F 35
00:00:00 81 35 01 00 22 03 24 21 64 6E 65 20 D4
00:00:00 81 35 01 06 22 03 24 21 64 6E 65 20 48
00:00:00 81 35 01 06 22 03 04 28 E7 0F 42 41 66
00:00:00 81 35 01 05 22 03 04 29 01 80 44 20 B5
00:00:00 81 35 01 05 22 03 04 2A B9 86 44 41 65
00:00:00 81 35 01 04 22 03 04 2F 94 82 54 41 05
00:00:00 81 35 01 04 22 03 04 28 E7 0F 42 41 5A
00:00:00 81 35 01 03 22 03 04 29 01 80 44 20 25
00:00:00 81 35 01 03 22 03 04 2A B9 86 44 41 00
00:00:00 81 35 01 02 22 03 04 2F 94 82 54 41 98
00:00:00 81 35 01 02 22 03 24 22 73 70 61 74 C5
00:00:00 81 35 01 01 22 03 24 23 6E 61 20 61 43
00:00:00 81 35 01 01 22 03 24 24 20 6F 70 72 00
00:00:00 81 35 01 00 22 03 24 25 61 76 65 6E 7C
00:00:00 81 35 01 07 22 03 24 25 61 76 65 6E 6C
00:00:00 81 35 01 06 22 03 04 28 E7 0F 42 41 E3
00:00:00 81 35 01 06 22 03 04 29 01 80 44 20 90
00:00:00 81 35 01 05 22 03 04 2A B9 86 44 41 00
00:00:00 81 35 01 05 22 03 04 2F 94 82 54 41 1A
00:00:00 81 35 01 04 22 03 04 28 E7 0F 42 41 04
00:00:00 81 35 01 04 22 03 04 29 01 80 44 20 4D
00:00:00 81 35 01 03 22 03 04 2A B9 86 44 41 00
00:00:00 81 35 01 03 22 03 04 2F 94 82 54 41 A7
00:00:00 81 35 01 02 22 03 24 26 61 20 64 61 00
00:00:00 81 35 01 02 22 03 24 27 74 61 21 20 24
00:00:00 81 35 01 01 22 03 24 28 20 20 20 20 C0
00:00:00 81 35 01 01 22 03 24 29 20 20 20 20 00
00:00:00 81 35 01 00 22 03 04 28 00 00 42 41 D7
00:00:00 81 35 01 06 22 03 04 28 E7 0F 42 41 94
00:00:00 81 35 01 06 22 03 04 29 01 80 44 20 44
00:00:00 81 35 01 05 22 03 04 2A B9 86 44 41 81
00:00:00 81 35 01 05 22 03 04 2F 94 82 54 41 86
00:00:00 81 35 01 04 22 03 04 28 E7 0F 42 41 33
00:00:00 81 35 01 04 22 03 04 29 01 80 44 20 83
00:00:00 81 35 01 03 22 03 04 2A B9 86 44 41 28
00:00:00 81 35 01 03 22 03 04 2F 94 82 54 41 B2
00:00:00 81 35 01 02 22 03 24 20 4E 61 64 6F 00
00:00:00 81 35 01 02 22 03 24 21 64 6E 65 20 D3
00:00:00 81 35 01 01 22 03 24 22 73 70 61 74 24
00:00:00 81 35 01 01 22 03 24 23 6E 61 20 61 4C
00:00:00 81 35 01 00 22 03 04 28 00 00 42 41 0C
00:00:00 81 35 01 06 22 03 04 28 E7 0F 42 41 AD
00:00:00 81 35 01 06 22 03 04 29 01 80 44 20 00
00:00:00 81 35 01 05 22 03 04 2A B9 86 44 41 00
00:00:00 81 35 01 05 22 03 04 2F 94 82 54 41 31
00:00:00 81 35 01 04 22 03 04 28 E7 0F 42 41 75
00:00:00 81 35 01 04 22 03 04 29 01 80 44 20 BE
00:00:00 81 35 01 03 22 03 04 2A B9 86 44 41 26
00:00:00 81 35 01 03 22 03 04 2F 94 82 54 41 2A
00:00:00 81 35 01 02 22 03 24 24 20 6F 70 72 01
00:00:00 81 35 01 02 22 03 24 25 61 76 65 6E 24
00:00:00 81 35 01 01 22 03 24 26 61 20 64 61 00
00:00:00 81 35 01 01 22 03 24 27 74 61 21 20 17
00:00:00 81 35 01 00 22 03 04 28 00 00 42 41 33
00:00:00 81 35 01 07 22 03 04 28 E7 0F 42 41 A0
00:00:00 81 35 01 06 22 03 04 29 01 80 44 20 31
00:00:00 81 35 01 06 22 03 04 2A B9 86 44 41 40
00:00:00 81 35 01 05 22 03 04 2F 94 82 54 41 B5
00:00:00 81 35 01 05 22 03 04 28 E7 0F 42 41 F0
00:00:00 81 35 01 04 22 03 04 29 01 80 44 20 65
00:00:00 81 35 01 04 22 03 04 2A B9 86 44 41 00
00:00:00 81 35 01 03 22 03 04 2F 94 82 54 41 B7
00:00:00 81 35 01 03 22 03 24 28 20 20 20 20 08
00:00:00 81 35 01 02 22 03 24 29 20 20 20 20 0B
00:00:00 81 35 01 02 22 03 24 20 4E 61 64 6F 00
00:00:00 81 35 01 01 22 03 24 21 64 6E 65 20 8A
00:00:00 81 35 01 01 22 03 04 28 E7 0F 42 41 40
00:00:00 81 35 01 00 22 03 04 29 00 00 44 20 08
00:00:00 81 35 01 06 22 03 04 29 01 80 44 20 B9
00:00:00 81 35 01 06 22 03 04 2A B9 86 44 41 91
00:00:00 81 35 01 05 22 03 04 2F 94 82 54 41 09
00:00:00 81 35 01 05 22 03 04 28 E7 0F 42 41 52
00:00:00 81 35 01 04 22 03 04 29 01 80 44 20 D3
00:00:00 81 35 01 04 22 03 04 2A B9 86 44 41 0C
00:00:00 81 35 01 03 22 03 04 2F 94 82 54 41 00
00:00:00 81 35 01 03 22 03 24 22 73 70 61 74 01
00:00:00 81 35 01 02 22 03 24 23 6E 61 20 61 32
00:00:00 81 35 01 02 22 03 24 24 20 6F 70 72 10
00:00:00 81 35 01 01 22 03 24 25 61 76 65 6E 52
00:00:00 81 35 01 01 22 03 04 28 E7 0F 42 41 2A
00:00:00 81 35 01 00 22 03 04 29 00 00 44 20 80
00:00:00 81 35 01 07 22 03 04 29 01 80 44 20 EA
00:00:00 81 35 01 06 22 03 04 2A B9 86 44 41 64
00:00:00 81 35 01 06 22 03 04 2F 94 82 54 41 45
00:00:00 81 35 01 05 22 03 04 28 E7 0F 42 41 0F
00:00:00 81 35 01 05 22 03 04 29 01 80 44 20 66
00:00:00 81 35 01 04 22 03 04 2A B9 86 44 41 00
00:00:00 81 35 01 04 22 03 04 2F 94 82 54 41 8C
00:00:00 81 35 01 03 22 03 24 26 61 20 64 61 60
00:00:00 81 35 01 03 22 03 24 27 74 61 21 20 A4
00:00:00 81 35 01 02 22 03 24 28 20 20 20 20 15
00:00:00 81 35 01 02 22 03 24 29 20 20 20 20 38
00:00:00 81 35 01 01 22 03 04 28 E7 0F 42 41 12
00:00:00 81 35 01 01 22 03 04 29 01 80 44 20 A5
00:00:00 81 35 01 00 22 03 04 2A 00 00 44 41 02
